# Res18 no weights!
                            precision    recall  f1-score   support

     Amniataba_caudivittatus    1.00000   1.00000   1.00000         6
                      Caranx    0.50000   0.03413   0.06390       293
Caranx_sexfasciatus_juvenile    0.50697   1.00000   0.67283       291
      Chaetodon_vagabundus_2    0.82692   1.00000   0.90526        43
                 Epinephelus    1.00000   1.00000   1.00000        45
                          F1    0.78645   0.96901   0.86824      1904
                          F2    0.73615   0.85545   0.79133      1771
                          F3    0.62644   0.97321   0.76224      1008
                          F4    0.80900   0.97365   0.88372       683
                          F5    0.78276   0.97845   0.86973       232
                          F6    0.80488   1.00000   0.89189       165
                          F7    1.00000   1.00000   1.00000        82
    acanthopagrus_and_caranx    0.85393   0.98701   0.91566        77
      acanthopagrus_palmaris    0.54582   0.96057   0.69610       279
                      gerres    0.59350   1.00000   0.74490        73
             lutjanus_johnii    1.00000   1.00000   1.00000        89
                     no_fish    0.65991   0.17209   0.27299      2458

                    accuracy                        0.71629      9499
                   macro avg    0.76663   0.87668   0.78464      9499
                weighted avg    0.70897   0.71629   0.65701      9499

Running Validation
Metric                    Value
------------------------------
FP                   [  0.   5.  27.   3.   0. 101. 117. 133.  30.  17.   8.   0.   7.  52.
  14.   0.  52.]
FN                   [  0.  27.   0.   0.   0.  10.  51.  10.   6.   6.   2.   0.   3.   8.
   0.   0. 443.]
TP                   [  1.   0.  35.   7.   5. 212. 184. 122.  70.  36.  15.   7.   6.  31.
  10.  11. 107.]
TN                   [1424. 1393. 1363. 1415. 1420. 1102. 1073. 1160. 1319. 1366. 1400. 1418.
 1409. 1334. 1401. 1414.  823.]
Accuracy                 0.6028
Macro F1                 0.7001
Weighted F1              0.5454
Avg TPR (Recall)         0.8223
Avg FPR                  0.0272

